$36,518,764 $1,065,067
$33,568,926 $1,226,992
$40,877,831 $8,107,121
$15,933,746 $5,978,627
$126,899,267 $16,377,807
$58,977,531 $57,530,125
$1,572,642
$280,028 $0
$60,830,201 $57,530,125
$4,049,131 $20,009,040
$5,278,292 $886,383
7431 35407 3580
5358 19563 1582
3266 13433 992
3217 13140 884
3141 11754 719
1589 8586 709
554 1377 30
1802 6582 333
76.0% 69.8% 63.3%
$ 10,430 $ 9,020 $ 4,415
$ 5,096 $ 6,175 $ 6,428
$ 5,005 $ 6,029 $ 6,365
920 1901 91
$ 4,021 $ 3,450 $ 1,776
13 45 0
$ 5,489 $ 9,162 $ 0
