$43,171,465 $755,180
$36,629,845 $698,140
$39,769,771 $7,556,789
$17,942,982 $5,875,047
$137,514,063 $14,885,156
$70,679,131 $41,689,203
$1,343,704
$285,332 $0
$72,308,167 $41,689,203
$6,642,876 $23,867,203
$3,115,850 $234,522
7451 35891 3300
5531 20830 1566
3472 15184 1051
3423 14807 959
3306 13095 781
1789 9970 737
1889 5674 302
77.7% 69.2% 63.0%
$ 16,521 $ 15,434 $ 10,574
$ 11,310 $ 9,560 $ 5,314
$ 5,299 $ 7,068 $ 6,210
$ 5,200 $ 6,941 $ 6,151
729 1670 50
$ 4,476 $ 3,704 $ 1,450
11 30 0
$ 3,440 $ 6,393 $ 0
