$36,163,587 $670,050
$30,629,944 $1,204,691
$46,031,615 $9,659,306
$17,350,566 $7,729,152
$130,175,712 $19,263,199
$66,302,723 $43,322,090
$1,661,410
$402,549 $0
$68,366,682 $43,322,090
$4,654,348 $24,809,936
$20,718,998 $7,488,234
$5,579,511 $503,848
7174 36146 3890
5591 21932 1844
3544 15430 1124
3489 14916 1024
3421 13165 830
1594 9605 724
555 1420 64
1864 6202 331
78.3% 70.4% 57.6%
$ 16,478 $ 14,938 $ 9,287
$ 11,970 $ 9,195 $ 4,904
$ 4,732 $ 6,856 $ 5,522
$ 4,706 $ 6,693 $ 5,425
854 2170 151
$ 4,341 $ 3,673 $ 1,591
5 28 0
$ 10,958 $ 8,379 $ 0


